11 111101001001 01011111

u&

013310111163110’03111111111. 111. 101 617131 65011. 113700101.,3116,18. 03711101, 000013100119ῃγ,

31· 0611.μο ’.61 551, 15.
ὦ.. 01 06λῦ 113, 29. 30.
0117131101 7517. 0613110.. Si·

(11317317.
dun, 3. pm 013 60100 111, 151

533, 11. ab 81110 3. 1311110

111 11180111 1319, 31 18715.
03..70011009011·11, 18.
11310110, lon. 71. 310110 677, 55.
dn 111, 111 615, 18.

η’μ, 161, 51. 06766101 56, 33.
0071101118, 11

0371111110. 111. 6. 16. 01373110.
15, 191 387, 371 571, 8. ov*-

..113111 111. 50. 0670165111

nl, 51: 151, 18. 06907691

111, 33. prim. 11310131 111, 37110.. 01, 1011111111111111

551 111, 1. 0690100031111556, 115, 17.

18. 3713111111 115. 1.

137113 1111131100 18, 11. 1371101115, 3. 371111. 108, 1.

uhi& 1 03 lm, ⁶: 63331 58· 6χ3011113χ811 135, 17. ὄχθοι-

00711χ1165917. 73110 (text. 31113151 ὄχθοιμυς)

01”71017111ἡ101011617,.54. 1001111 159, 9,

H'ffu 3397 5⁰: Ι’3337 13· 331 35· ὀχλῆῐν 2133, 533. ὄχλος 390 50:
101 5811, 19. 03901, 3011111 116. 371 115, 5, 1 0113101 111
pro 52.. 677.51. 16113. 11 11110111901. 3111370115,
11], 11. 06713 ro* 0111100011 9,
111, 1111117, 5. 518, 30. .. 79777, ..15, 11, 7,,17,,,415,

..119, gemm. 1 nomm. 7110711111 17.

111 11111011. -011711113- 3110131115, 23.

111.7011011911111.11311713101111 101- ὅκῃ, 999, 117 51151, 15, ²9·

10111000101131111111111191,3.1. ὅκῃ, ,ό 111, 51, ‹un 91111,
a„ 11195. 11. 1111011557, 11. 1, 111911,

0000710191. 111. 17. „ 3111311011. genit. 591, 1.

01300 111. ³5. 013010 111, 59. 777173. 1881111511.

06001 ,13151 133. ὀχῶ, 11011 111, 56.

013001 95. ¹⁰· 131. 6061. 13 158, 311 131, 11.

..71111131 111, 51. 6113611113 190111 117151

sign ⁴23. 3. 013111, 0611101 160, 181 179, 331 501, 531
r. 51. 581. 11.

01310. 510. 101 113, 7. 18. 13 31131101. τό 189. 11 109,181
06001 113. 13. 0130003 166, 115, 51. 6607111101 1611, 2:
1181310,011113.9.181616, 1109, 18. 3139101. et 1317093-
11. 110. 119, 16.

offan 11 013011 60. 10. 013011 1310931111 -115, 39.

113, 11. magis analogum 61

10 03101111. 111.
0313111137.

0321 11615. 067160161-113,
11. 03711311.πο 111, 511. 067(
(qr-rm 113. 111. οὐχ inus 31....11-116, 1.

w. 11 &Lmen 185, 19.

139131... 113. 131591, 1. 6013· ὄψ’... ἡ 115. 111 616, 53. ’
λῃ, quud 1313311111 ab m& 6711311110. 131,181 116, 5.
111, 11. 6011113, 13 113. 562 ὅψ 1, 13116, 3311.

507, 7. 6013111110. 03 113, ἕψω, 591, 3,

53170113(3.13111111719101113, ,7ψῆ 7911.. 530, 5.

, 318. 66137107 1116, 10.

‘'vm'' 06 0636111 2.·8, 481
-11.“1, 51. 6711101 1116113111.

115, 58 [3.
1391011τό101. 11. 6010016101.

6710111161 W·- 11· 6130191061 03311111 1. s. 03. 0 311 11 118,

16. 111 μ (us, 1·; imo, 7. in

τ 88, 191 .·1.’1, 511. ’111 9 558,

25. n 131113. ¹¹( 00 110, 11.

11 71310111331111111 573, 58.

6Φ7611 111, 2-1. 697111ςο 1’31-1,
191617, 11.

676110 w* 001311111710 2⁸0. 9.
(cfr. 113 31. 3. Eum. M. p.
130. 3. 17911 111, 13.

3110161016. 193, 57. ὄχ’ 391.
111 11-1, 11, 191 191, 1.

6710101, ’τό 3111, 50. Plus. 3κο
m, ω 197, 11.

{xta 116119 371. 51·

071110 -111, 61,

6χ131 τό ,eundem 117, 53.

dag-31, 712 621⁹7, 716: 111, 591

’, : (1, .

dxvi, 3 170911 11, 9. 15.

6711311. 01, 111, 61.

391158, 191 1131511. 371
1311011190 111 13180111 111, 171

13633153 533 313, 171 315. 151
115, -111 515, 61 530, 5.

35Ὗ33 331 ⁴³·

,7, 116. 181 18117. 3710131
586, 11. 6011161111 (lic 11111-
33111 7110 6010116101) ἵζ’). 5.
o’csm'xov 691101 166. 51.
&cuj-m.. 111, 17, spoc-
χο. 5115, 18. 91111111. 1711571,
ΙΗ- jn· 17, Μ’73131 ‘HM 3831 3331

37λ..”. 61.. ’1130151 111. 16. 1107031300 [fic 7110 1107103.)
igni. 1711113 13310111 031 3711- 1131, 511,
λῃ. 111. 11. mam. 16, m 101111.1·. 067101. (3.115,
171113 11 ’(,315 1313311. 135, 513. 55. my... 115, 333.

133,ιο ³³³. 133· Ι uiros, ὁ 75, 51 115, 511 316,

.’,·,··... ι’.. 111-111 101, 11 15. 01 1137011171.

1111111100. “3“. ll.

00701131 159. 59.
00771111, 11311131. 111313,

,οἱ 117, 5.
ns 7χ1, 117, Ι.

061101, τό 118, 3. 013511. 06

316, 3911016 06501 {vn

83, 35. nst. 1360 0061716·

pm» 6101101713. 0031101·

061, 6 5311, 16. 0081111016
1111100101 move. 13311110 1103

00· 95651111 119, 30.

0011991110 119. 19.

nnuman 1310, 53.

„damin 319, 59.

Μ’Ᾰλθι, Dos-2 81 „duales

0011113111 (1013111101111111) 681,
59. 00110013.οε 150. 18.

Hastis, 5101 150, 6. 11.

11305070 516. 56 11051101· 06111111061 6101100318, 15.

1106 06010 1311700σᾶ717. 110310·

fufium 5 11, 31.

011031 550, 37. 0010111116. 50.
00371101, τό. d. 138 23: 108,
’15. 0017130. 06186, -18,

00016110. 111 7.

001130. 3 117. 11. 1 0018111011
quid 1311311111 117, 8,

0131111011. 311716.

0011330. 13 117. 133. 1101001) 001·
110 635, 15.

00031ςο 11 003ξο 337. 59.

madeo.. 06 1371115181 1131, 6.

1111113010. 111, 6. 0011301111. »i
117. 31, 39.

00113161 1136, 53.

0013013011. 151, 31.

1101300030 91111310713111 110, 18.

nais.. 131131 11719. 11.

0001161 1017110. 655. 11. 001·
nvn* 011110 151. 15.

33010111, 01 W. 57.

00113111, 3 -117, 111 119. 31.
Amr.- 1711313 119. 371 618, 11.
0100ολ61001 391, 06.

0010611... ἦ 116. 51.

061λ11,317. 00111111 111. 111.

0011113111. 51. 11ολ11.. ro* 01·
113 159, 18; 312. 2⁰: 116,
181 117, 18111119. 16, 351
150, 71181, 59.

0617011, 13119, 10.

035101 0 11119.. 61. 161 181,
ι).

001010713111 119. 361 618, 11.

06191000. 013 171, 31.

1101111111... 1119. 57.

ndum, 1131. 1150, 11), fl cor-
119110 1, 111 3, 10.

7707101710) 1115, 1113 35111 2².

11011ολ11110. 611. 16.

numanum 60, 115ῐ 655, 7.

maviron 171 17.

0171613101 183, 591 181, 5·
’111111

11111 11111610. 11·

0111101 13131, 15.

0010101101 310, 7,

lenzam 153, 50.

nandonis. ἦ 511, 23.

33018301 1310, 59.

33011370 151, 5.

0011. o' 111, 81 131. 511 117, 0013709.. 050, 30.

39, 18. 0031, 11 117, 19.,31.
11031 gb e’m'nnu 111 61331111
117, .

001016111618, 30.

ἥωθι 33· ’351 ³0· ”1¹ss ³70, 332·
003.. fo* 160111 117,.31. 11030.
0.. 173613. 0030001 117. 16.

001111 1519, 51. 001013001111
117, .

1161110 ,111 00106) 117, 61.

116110.. 113.0131.117,63.

3303103710168, 71 118, 5. 00·
10111911 361, 19. 03 3301037101
·1’.11..·.·.

0ολ013· 117. 151 118. 6.

0000113118, 8. 13. 17.

numam.. ’119, 10· 11ολ11003·
10111911.

0071001701 551. 15.

0010111 111,-10.

00131111. 1) 63. 111 118, 511
119, 11. plur. 0ολ61101, 03
118, 33. nolani-v. 6118.
13. udulfum& 63, Ὴ.
Μλᾶκῃφιν 618, 35. παλι-
mein 1·18,171 1-19, 1111 6118.
111, 20.

11ολ3100159,39. mim 13
11031311. 166, 18. 11ολ310100
111, 31.

'stiram NJJ, 53.

0611101 (3) ι’ 66701 ’117, 15.

1131101.. 611. 11.

ulan. 11 315. h: 3111,5111 5117,5.

00111... 111951. 37.

0011771003. 111,, 1ο,

1101131070 119. 13.

1113111119. w: 11111, 17. ab 013-
1.. 111 1313311111 119. 50. u·
λ116751911 3313, 58.

0011109111 119, 55.

liii

00186111, d. 113, 18.

fleamus Ι163, 55.

00111711. 317, 71 150, 38. 111,.
167101 60101 600111 11, 50.

001611ρι01 150, 15.

11011711.. 119, 15.

0011113771 156, 111 3117, n:
9011. ’111 169. 3. 0010077160

111, 10.

110111011113011 (cod. 00111111·
006) 1511, 17.

1101016191 11311, .3.

06100101. C. 13 183, 33.

0011111061 117, 9.

00110111 131, 11,

nm ..111 151111 111, 17.

nigror· 151. 3. 000001 131.

0610111 111 061017 251, 51. η’..
07 390, 36.

0611. 117, 1,

0016111901 115. 11.

00031111 001, 53; 616, 18. n
377 18,, 11111 111131 mml-
11011111.. 71, 11.

namt, 1131. -151, 19.

1151101111 233. 51.

nim 151, 11.

0310 01311 151. 15. 060001
1315, 18,

neuram-t- 151. 19. 31.

001073 0 11111. 11.

11193 7111171. 3391113. ro* 1111130111
3771 1311, 111. 1193131 19·
751311 11711101 131. 18. mss*
117111 371. ιο 0176 &In
352, 13. 16. 0390, 3. 1119,

0093151111 111 0070736110..οι
1.).5, 28.

0070736101. 03 151. 29·

 

