00 11011 ’ 00

βλ100761 110, ‘¹9- 7111010016 ,9001160101 115, 61. 7371110001 115. 511. 9110011 118, 9. 011 0070110007
1.·1111 731000ρῶ017 110, 51. 6010111001268161. 71715 1011111 111110· 155, 10 w* 111771 19, 9. η’
7511711 117. 12· βο111111011 61711119, β7110 111,.18. 737150 τό 0911 90111117,18.7·717777,, 711,
0751111117, 11. ,9010610160011 61,11; 111, 115,-1ο. 171160111011-1Λῠ· 18. -171 117161 1111, 111,
(1100111110 111), 57. 11. 50, 55. 11. §.uzoli 61, ’11. 6711μο1101 116881 155125· 551 ’110, 20. 7111 W* 811,
711111 quid 11111. 0 717111 110, 73001111 111,·10. 171 117. 181 71711101 11³.¹ 09.Ι 71717111, ἥσω 1151 1017, 7111 paim 19,
ba. 615, 11. 5111, 511 117. 19· Ι 511 du), 16. ,111 ,91101177 105,
79λῶ 61110018, 181 ,110, 59. 797071797777711Γ1Λ51 155, 171 fissia. 117111111.,115, 50. 56, ,ιω fidus„ 3⁵³* 7. ,φῆ
68ωβι116β66μ6511556651550, βο1111711011.1)(6>1,5167 11511. 31126173616116697170777160 116, 8. 551ω717115171110198671112714, 3³33:
’7571015917 110160· βὲυλιμόῃηθῆιιεβουληηό 115, β967χο1 106, 201 116, -1, 59,
'fimo 110, 09. 10. 1170101 v. 11711101· ’71171111 117, 17,
711677711011. 7316110115, 1616111017. 9767001116, 10. 19. 160, 581 77;77,7 91, 16,
7111111110 109, 11. &dm 771· 9111171. 115, 51.‹1iff. 0116700 190, 17. 71767101 0001101116, ,7,777,, 91, 181 111, 511 117,

0111111111 110, 51. 156, 5. 19. 7171111101 116. ¹0· ¹¹· 11111819.

11116311. 15· 1106101111110111601447. 7171711110. 116. 11. 711111111117111010.
71067710 605. 0· 7. . βςοντὴ 116. 182561011116101 710171οξ dimin. arula 117, 50.
78011ζο 101. 15· 60015116 115, 55. leg. β 00110101 111626· 7115μο6, ὅ, [1010111111 117, 19.
73611005818. fidum 110111 et 73061111.18.7101”11170’0 168, 7976007 601. 68. 7370161 Ι11111 βωμολόχος 117, 511 115, 6.

7771771767 1701111116. 111,11. ’17. 71031 1711111 1111101110 7771· 115, 1-·’1. 1691 1116. 1611115, βψω, 777521617, ¹7·

βοεία 1116ολιὶ 016. 6. 75011· uxos ¹¹3, ³3· 81 116, 2 · ³²· ¹¹² hq'mq: 7911705011. 118, 9. 1115761111

06715501 110. 65· 80601911 515. ’161 560. 211 619, 11. 7571011111 115, 5¹: 579151 601, 59.

737117 1111, -151 110, 5111 111, 5. 1115150. 116, 111, 7170711001 116, 17. 7,,7, Dor. 7110 71767 558, 571

6. 101 111. 1171 176. 501 606011 111. 1. 19. 7171111101 116, 10· 717000- 580, 591581, 5.

556, -117 565, 577 575, 11.· 1100070161 ο p. 115, 53. 7,,,76719177 8-1,15; 151, Mn„ ὅ, 118, 55.

601, 5· 73071. ξε. ,1. 6181671011710171. 151 199, 1517116, 55. 73771· 111110168715·

73717967 111, 5. 51 166, 41501 22. · fons„ 116, 111. 71117177, ὅ, 111, 18.
515, 55. βο111115 ¹1¹, 3· 7811161171 111. 58. 73777711 11616. β717070001991115, 27·
7307805 C. 111, 5. 7397171177 551, ’16. 7301177111 117115· 133'61305 111, ’15.
7779977111, 10. 7171711101 11-1, 7. quid 11111. 0 7777777, 115, 581 116, 5. 6.
71651107 111, 15. 01161100 111. 151 611. 26. 7377177717 et 7371177101, rectius Γ.
Rollin 11. pr. 3‘5, 15. βμβεντῆι 111, 50. 73907310· sigonio„ 158, 58.
73077... 711 77717771 111, 11, ml, ω’, 111 9 10. 7371711111 73777, 116, 501 117, 10. 7111111 77671μο. γ 10 β 55955.
Bw& 0. pr. 111, 15, 87777- 111, 191 bum, 01. constr. 97671711110111. 01617. 97101 111 δ 91, 551 117, 51. 111 71

11016111. 589, -10, 509 50. 15, 55 15510. 1100061000
7161173100 vid. 7911173100. figam} ¹¹4⁹.²3· [3707771661 73717716. 116.-’17. 119,11115,11611·’1,-18.110·
7101111 107.81·117. 181 605, 6. 111, 111 1511, 11. 737111.. 116, 09. pedem 1161 01. 5,·15.711111101010“1,11.

quid proprie 105, 55. 731101, 6707776106, 18. 51. 70770111ξο 117, 56.

ui. 111.·)1· 67011010111οχ 8911011761 19· 76770110 ¹²⁰3 ¹· 7⁶77·er
7371117.. 1117, 8. 73900717 111, 10. 111 615, 6. 7376770116, 51111717. ,8771χο 06 119, 58.

7311117 5961 111, 411 111,.171 71701111 ’11. 111 570, 18. 101111 116, 48. 76777000117, 117.
51716. 71717111 119. 15. 7776.. 116, 51. 542 161, 117 11107... 11719.
’7311167 111, 15. 73711171. 51, 51. 117, 10. quid (1161731160 ’7710107177 118. 58
7110100 111. 50. 73761110 ro* 118111 109, 57. 110, 55. 97110 1, 7. 709160σῦ111. Umm-
71011360.171105.111107,8. 71701001 comparat. 1. 71100711· 78711 το· 101111 116, 581 185, 00 voe. 1111010 1001000010

7101111010 111. 55. 771111 111, 11. s. 0 71701111 115.β711111.11, 116. 58. 79711· 6111710110.

7900311767111, 5. 501, 11. 01111 d. 515, 551 515, 151 7015001011101.111,60.
βοῶ-0000 6111, 59. β7ςίχ7910 57590771 605, 6. 657, 21: 515. 91 550, 5. 70ῖο 61, 551 117,·01,
7101166561 11117511 115, 7170171015101101501, 11. 1111- β71λξυ 78, 51. 71767... 116,.59. 701110οχ117 117, 51. 511.

117 116101 559, -11, 151 chium 111,17.51.11.β70· 7171171717 579, 11. 5¹5¹· 76 90111111.118,·101185,1”1.70.’.

100. 16. 73091ξο ro' 101ἐο 11101111 11629· 071170 116. 59- 0110111011 117, 11. 06 0009111

511, 7. ,971οκ67 11·1,11.50. udam opp. 1017, 1. 5, 50561 110, 55.
β717730901 111. 52· β71χ11110101151. 16· 66707, 01001, 11. 711. 117, 1. a 77610100 118, 115.

73671101 (fir) 111. 58. &mundaum ¹72, 55. 110 6οζ010101. 90λο 118, ’11 sqq. 110. 511
7307101 11111007111,51559,<16. ,97077111 111,51. 51. 511501, 9775.. 117, 5. 615,19.

7307101. 00166, 1. 6070111171 116701761701 501, 11. 737067 117,.5. 51599, 15. βό· 7010617167 11816.

166. 1. βροκο001λ111 168, 4. 1101 117,·1, 8151ζο 58915. 711λὴ117 118, 08. 551 119, 1.
βο71010 7907611 f. 85. 56. 7191700050 110, 7. 79710001. 01. 97. 12· 11· mammae 156, “-
β1711101601 legendum credo 7171710 1111, 61 111. 571 160. 815911. 91. 117, 8. 100, 00110 ’7010160079071191

6710771055, 58. 7371777711. 111, 55. pq!- 110, 6. 716117 11 mum ’70110,61101111007110·7771010
6777157011, 577 112, ¹, ,777 710 7377703 01511. 117, 8. 511,1.

7109501121 2. 8901860100, 511111. Epaminon 731110 108, 51. 90λὴ 109. ’μ’λυι 119. 20. 011
7311111 11 070611 111, 19, 115, 5. 71070011. 1171 21170111 diffia 119, 11. 11. you, 1. 119.
6600701711 Ι’1660717701 111,11, ’75710100 ¹¹5· 6.Ι 1117100 139. 9· . 16.
fidu 111, 11. 0711171011 537, 51· 71110101, 01. 101101. 70716761 119. 511 615, 17.
710167 11061. 1011117. 71711θῦ10101 111, 581 611, 14. ,367707 676111 117187971717777 wa. 6770601710 109, m·-
βο1.1’117 111. 1-1. 73717777 175, 6. 0011100 115,10. jaim 117, 19. 7107706ομ7677 7771.. 51515.

,307119 ἥ777 111. 20: 111, 177 1711111 11111111101101111011.. 115, 16. -19, 7671171701. 11916· 91181118. 011 Ι
1771. 19. 71101. 7111717777 111, ι Ι115,,51.Ι 9' ἦ pug- 101. 7710 71071 117,,16. 7177301677... 119, 151 m
...5, ,1, ..1, 1. ,5111 1111111111· 1.. 11171· 11116111 ..11. 1. ,7 ..

610911, 001 1119101 511. 1111 010, 9. 1711111 diff. 0 11011. 095ολ160 106, 57· 7071μο 1111. 01011101011955.

615, ’1. 7310701175. ,115, 5. 00181011 011. 111, 5, pi 15, 181 115. 56151, 61 81, qipa, 119501 111, 59.

7100 10101111111111115,11. ῥ7177.. 1110167 715, ²3: 756, 111 118, 16. 111 197, 61. mo (10 tm 71. ’
1306171111.. 11511. 57. 6717710101 116, 9. 111 ro* 71011111 101, 101 101, perv ’01011110 119,
710.εὴ 111, 11. 17. 6717101001117, 117, 15. 151 108, 111 111, 151 minin 11 1
11117011117.,17070’117 111, 19, 7171ζο 115, 11. W* ,ὅ wa. 501, 111 511, 111 515, 51 771,7711111,11.

mmet opp. 115, 55. 7111 115, 56. 596. 767117717106, 11. 01101· ’7017771 101, 06. “

 

