1139

0915107110 118011.

39650701 1. 1111190107, 15.

,9,711910 180, 55.

1190111171, 11. 1190117711 161190·
11161111,1.”1.

77901110 Ι180, 55. 096110, lon.
51111.

1190111.ζ.1181.5· .

1190106117111 180. ³¹·

11901161 511-1, 5,

7191111111. 6 1711, 57.

mg, ›350ss ις 1181, 11 501,
11: 111.. 11“1; 5117, 56.

11916171, 6 5115, 6. 119011*οἶ
11.·’111 6.

1111 11· 5⁴·

Uyoxo'mvs 5111, ’18.

119016111118-1, 111· ¹

Μυκάλη, 91, 1711111 11. 20.

119671οχ01 Ι181, 7. 21· 1190710771·
§m 181, ·1.

mouns& 1111, 10. 15. 11907117-
11110. 6181, 10.

,9950ιο, 6, 181, 15. 16.

979 1001010, u* 1115. 51. Ι

,1191105 ῑ·1 n? ,10167101 [1³³. 543

9790110111. 16119, 5ῖῖ 71. 10:
Δ111111. 5⁴.

π9ἰξ77ω· 1711111 11111881. 6111 1111588·
1111 111 17951101 -181, ²'⁴.¹·

0190,ιῖ 181, 111.

ww? 1⁸⁴1,.'1·.

09610101 118, 2. μ

’,79118011107151 181. Ι’““ι 11710817·
namium 181, 511. at 71977.
111λ1111οί111τη 1118. 51-

09006901510 111, 551 181, 51111
111117. 11.

7191οι161 181, 51. 1190161010μί
'¹72¹‘ 11.

7196111101 (fic 7110 1196110510,
quod 11011711111111111 contextus)
2⁰, -18,

091119011ολ1161711101 195711.

11961 δηλοῖ 16 ,1911 181, 51.
mnis 1111111 ,1717110711111711111101111
681, 51. saepius 7110 ,7195
181, 11. (jus 111111 11111, «16.

7911671. 5116, 18.

09011571 ¹⁰, 13: 1811711175,
01.

1191171600 et 1190179161λο00
111111,111.

09007177101101101 1 ἆ189. Ι51· 11.
111.- 190079006011001 1817, 00.

0900101608.. 181, 5.

1190060115 1175, 11: 1112, 15.
1190011016, ξς, ,ξ 15-1, 551
1180, 5. ²7. 0900601110. 11617.
511. 190111611001, 11.·196, 11.

0700610111 19. 26.

1191110610. 651, 15.

1196111101151, 111.

979 mvi 1711111 (1111111. lb 06κῆ
221, 55. 1711111 «111 ’601081 et
6617111 181, 151 157,10.

1190067111 181 16.

0900117901 181, 55. 0900177091·
nu? 6116911 171110 711, 5,

π911ἧ1 1 181. '.''.·. 1190061000-1110,
511 1811, 17. 119οσ171101 181,
111.

0900111010. 11 198, 515. 0901111·
λο11161,6; 1111. 56.

zenan-..¹³ 61, 171 181, 517· op·
71111. ,6117011 1111, 19.

INDEX

1110

1016191116.1711106155,15. 09617111111111119615111111 1181, 186, 11. 1611110 185, 111
1190τί17711 1181, 18. 0900117101 ¹³¹. 1196 16, 09016 557, 11. md, aim.. -167, 111,

1181, 111.

119016 1111190010 1179, 1. 11911,

-1110181, 111 117, 55; ²1⁰.

11960101011119ιττοσυλλ67301501, 1191110 1717, 1. 1196,111110 1.

11. 096111110161119 1911111ολ·
λαβάς 521, 28·

1196110000. 16 18144.

0900116110 181, 111.

1190111910. 11 181, 115.

1190011710 181, 51.

09001160107101 c. 1111. 16 119111·
uanius.. c. acc. 0011111. ²¹3
a'm'g‘ouse Ι185, 5.

neowan-3211 618, 17.

1190156711.. 16 185, 1.

979757φο797 181, 51, 1711111 1111111·
7711 11 710961 et 1107161 105,
.17.

1191115190 2¹. 11· 1190161911101
7171076911501 6517. 22: 655,
,1.1.

0196080901 115, 111.

0957818 (text. 1196081175) 1182,
bn,

1190080011 181, fio,

1119607711 55, fi: 181, 7.

11961770, 11011 11901χὲ 51 , 7.
1961770001 11111, 50.

09610, 11. 171, 30: 113. 57.

9790119110 1711111111 impu-„lum
11811, 511.

1191168111 1111, 11,

0716101101,16 181. 551 Ι17711. 51.

09610111, 6, 1711111 11111111. ,1 7795.
{napea 1811, 1.

r-qomma' 81161110 6717. 11.

miram 618, 55.

619)οΥ885151 11 1851 8·

11901690 a 1190119010 diff. 1185,
11.

09111917μο, 16 185, 2.

π96τ99ος 515, 22. 501 5111, 132
551,151 618, 55. 1196117101
1711111 1111111. 11 196101 181,61.
0901690185, 10.

1111011, 1101. 7110 11961 177, 11.

779697477979, ἦ 185, 15.

11961010, 116185, 15.

1179191111.- et 1901960071οι 655,

5’“.

0900710619οι (scrib. 1190697101·
mov] 1528, 2⁸.)-

0906111101. 185. 18· 50. 1190611·
m 1115, ¹¹¹!-

1191697101117117185, 18.

1190701111 11 0,.05.

0907191016 11101100559, 55.

0908196011901 115, 1²·

71ququ 675, 11: 485, 171
11111, 9. ,190811το 75, 11.
0907111110 1115. 00. ,monn-
161185. 51.

π9ιξ86ζ91 185, 25. π96φ900777
1 0, 10.

11968901 185, 117, 551 558, 9.

π9όχ777 1185. 571 609. 1111.

09677001 1115, 55.

11967101. 1. 7110 7196710701 1809.

mestus 655, d·

11900110 611, 59.

11960900 611, 10.

mimam (fic) 185. ΙΙ11.

1191670117, ἦ 185. 591 Ι181, 11.
1190016900 1181, 5.

09610111 151, 111 618, 08.
1190111110. 181, 7. 1190το11111

11961111 115, 19.
π96111,111111111. 111, 55.
0961117111. -181, 11.

11961 11111911 analogum 17111111
71901411, 21. 17901585, 171
681, 17. quid 11111111. ab 69-
11901 -155, 117. 1196111”1’π“ >foi
1175, 10. 190111, ἦ 111, 511
1181 51.·15. 1190101 111, 35:
1181, ’.11. 1179061717 10111171· 112,
51: 181, 11. 1790198, 56511.
17961μο11115, 17. 1196111111.
1.

71797711, 0165 181, 5171 565, 115.
577. 7990677795 181, 521.

9959ὴή 181, 1'1: 618, 18.

119610, «1111. -181,·19. 11911τεῖ01
-181, 11.

ssya-mah„ 1185, ,11.

119οτ1601 181, 11.

0901671101 69111 1711, 55.

,0901010101 ῖ8. 517. 0901610110

111 ,1901016000 -181, 551 585,

11.

nerium 181, 50. 1190161110
181, 017..

1191610110. 181, 58. 1196101618.
01. ,196101 11 09601901 111
1111111101 1111,11·.1.

nussum, n‘ 15, 7. 11110111
11111 11.

212qu 1115, 151 616, 8.

11179611 180, 01. 1111961 -185,
51.

1111906. 701 185, 18. 18. 1116·
9οξ 111 ungu} 111111111111185,
31. 52. πτ996ηω Ι185, 18,
110 ,

111196, 600185, 16.’ 1111196 et
1111961110 3111, 11.

1111190161 185. 16.

11111161 1115, 18.

11τὴ1007. 11 115, 52: 186,
15. 1111 1191111. 185, 511. mn}-
011 16 7071067101 168, 15. at
51, 5. legendum 776790.

miza, .·..’ 1115. 11. 511.

1111006117, 11168, 12: 1185, 58.
11.

μισ-1601101485. 10. 1111006711-
vm 11915οί 11115, 58. mim
16 161110 185, 111. 16 110-
50190 -185, 15. 116 0011011ζο

. «168, 9.

1110156001101 Ι186, 16.

maiae. tu' -185, 511,

0001115911, 16 185, 56.

0161519501 186, 6.

1011611. 1100 Ι186, 15. 110611 96
7777106710. 1101 narratrix-:11 1811.
l ι

111601, 16 78. 1171 18516.

mik, 7161 70, 5171 1187, 11,
mulm- 01 111117. 17.

11161011, 1611811, 11.

11160111. ξω 180. 1175011161·

’ 011 16618οᾒ1ῤ11150,151 1115,
591 Ι187, 1155. 9197779777.
μα, 111117, 18.

unxia. τί 1116. 57.

nri& 11115, ’18.

nvi} 168, 15; 186, fio: 6871.

11το11ος600 186, 10.

1116000, maiia, ulum 1116,
11.

“2111ss 8165317611· ,11ῃά

1100061116). 57. 6

11011160 1118. 59.

110706, 11 1186, 08. 50. 56.
numa? 5 186, Ι311.

0071116101106, 55.

πύελοι 18611.

1115110, 61110111 68816.

11051 1110. 18616. 06110501, pu·
11010111· 11111, 52: 187, 5..

1111511111. 6 1187, 50. ¹¹12.

11115111οτ0, ion. 518, 15.

116110 1111 1191111. 187, 5.

11161, 6101. 07171. 1161, 55.

77610, 11111111. 1οξ1, 8. 00. w.
11161, 11. 61 609, 11. 1,- rot.
1071111187, 5. md 787, 777,
11011161 kizo: 567, 59.

· ι 1 7, .

1101691111 75, 15.1 ⁷

7761117, 11111, 22: 187171 507,
ΞΗ 5111), 17. madan, 11001.
586, 1. 11011601. 1. 25, 50.

πυλωνὸ) 528, 5111

1167.οτ0 18710. 1116110101 187,
50.

1101160050. qnid 1111101. 0111911.
971111 51.

11601. 16 187. 55.

πύξ, 11111. 187, 551 565, 30.

110ξί1111. 01 187, 58. wilm
5⁰¹ 8871 87·

7769, η’ 1187, (181 1116, 7. :wei
7110 11191. 5¹1²· 151 188. 7.
110901· . 01 187, 60- 00901161
(1117157, 07.

1109611101 188, 115.

11090710, 11188. 1. 29.

1111900101 Ι18118.

πυ77680911,1111488. 13.

vray-105 117, 171 1188, 11. 18.
18111 558, 551 609111.
0097000111, 1188, 00.

1111911011, 11. 7. ¹·

,11071161 188. 1⁰.

1109106171, 6 1151. 51.

1119161076801500, 6.

1109110101. 01 9, 15.

7170961 688, 15.

0091111116 116 00111 188. 56. {vr
0110670101 1188. n. 56.

1111111111. 11 ⁴⁸8· 3⁸2 ⁶²⁸. 9·
11167161011169901 106, 11.
00971611 1188, 51. 1109060 188.

11196111 188, 10.
007771 (vinu) ro' 11971611 608.

11011117, 11 187, 51.
116 16111111 177, 611590, 10.

06 16 1011.. 60, 511. 16 m?-

7101166, 111 1190, 6. 1111,

ἔξω ’8770 ’880 κ... πώ ,89
1167011 1188. 18.·51.

aggai-u τοι· a 1-1. ’1. 0061 5115111. 7.,..997701017181171 1106,1710185.111.51. 1116116 1111116171,61189,0.
“ Ι

· 5711. 51. τοῦ 7 51.), 11.

1118, 06.

moa... 1155,Ι 111 Ι71115, ,181

11οΛ10

81911· -

1* “8-“ ι’ἷιιι.

 

